99 2 2 3 2 7 6 2 5 4 1 12 1 11 2 9 10 1 8 1 19 2 17 18 1 16 2 15 14 1 13
1 26 1 25 0 2 23 24 1 22 1 21 1 20 0 1 33 1 32 1 31 1 30 1 29 2 27 93 1 
28 1 38 1 37 1 36 1 91 1 35 2 92 34 1 45 1 44 2 43 42 1 41 2 40 39 1 85 
1 50 0 3 48 53 49 1 47 1 86 1 46 2 88 58 1 55 1 54 0 1 51 1 61 1 60 1 52 
1 59 2 56 57 1 89 1 65 2 68 66 1 64 2 70 62 0 2 69 71 1 73 1 63 0 1 67
1 77 2 75 74 1 99 1 78 2 80 79 1 84 1 81 1 98 1 76 0 0 0 1 83 1 97 2 82 
72 0 0 0 1 87 0 0 1 90 0 0 0 1 95 1 96 0 0 1 94 0 0 0 
10 
97 8 
83 13
50 9
39 8 
72 16 
66 10 
76 12 
90 7 
89 11 
99 11
